function [f_,v_] = cellboundary(o)



v_ = [0 0 0;1 0 0;1 1 0;0 1 0;0 0 1;1 0 1;1 1 1;0 1 1];
v_ = v_*o.sys.lattice_vector;
f_ = [1 2 6 5;2 3 7 6;3 4 8 7;4 1 5 8;1 2 3 4;5 6 7 8];